camera_matrix:
- - 1420.7886417945083
  - 0.0
  - 968.7602148577096
- - 0.0
  - 1418.0740173588226
  - 545.989454585507
- - 0.0
  - 0.0
  - 1.0
dist_coeff:
- - -0.022487592185726563
  - 0.3828651492044249
  - 0.004310985670624585
  - 0.0011971617960871781
  - -0.809332193933634
