camera_matrix:
- - 1422.7950912441288
  - 0.0
  - 993.3876565631057
- - 0.0
  - 1424.4458606961348
  - 560.3250599334368
- - 0.0
  - 0.0
  - 1.0
dist_coeff:
- - 0.20104452921822558
  - -0.3885460819754544
  - 0.002194827659696772
  - -0.0016893133178551116
  - 0.2288777905606773
