%YAML:1.0
---
K: !!opencv-matrix
   rows: 3
   cols: 3
   dt: d
   data: [ 3.6898239085444902e+03, 0., 1.2819125887358434e+03, 0.,
       3.6910518425572045e+03, 1.0148563722010294e+03, 0., 0., 1. ]
D: !!opencv-matrix
   rows: 1
   cols: 5
   dt: d
   data: [ -5.4379772285881200e-01, 2.5459869323315293e-01,
       6.2538184761066703e-04, -7.9617945686314426e-04,
       -8.6564589662192515e-01 ]
