%YAML:1.0
---
R1: !!opencv-matrix
   rows: 3
   cols: 3
   dt: d
   data: [ 9.9675541629132192e-01, 1.2821099326716632e-03,
       8.0479788071502870e-02, -5.7796730392685495e-05,
       9.9988427142782965e-01, -1.5213165705271699e-02,
       -8.0489979211398902e-02, 1.5159153847053722e-02,
       9.9664013731195378e-01 ]
R2: !!opencv-matrix
   rows: 3
   cols: 3
   dt: d
   data: [ 9.9955515238187442e-01, -3.1057475600682681e-03,
       2.9662293892094727e-02, 2.6545164259071169e-03,
       9.9988034748170540e-01, 1.5239562408699742e-02,
       -2.9706074957699474e-02, -1.5154044079294311e-02,
       9.9944379734863054e-01 ]
P1: !!opencv-matrix
   rows: 3
   cols: 4
   dt: d
   data: [ 2.7732043381984618e+03, 0., 1.0259089050292969e+03, 0., 0.,
       2.7732043381984618e+03, 1.1256485214233398e+03, 0., 0., 0., 1.,
       0. ]
P2: !!opencv-matrix
   rows: 3
   cols: 4
   dt: d
   data: [ 2.7732043381984618e+03, 0., 1.0259089050292969e+03,
       -1.5287956005000740e+04, 0., 2.7732043381984618e+03,
       1.1256485214233398e+03, 0., 0., 0., 1., 0. ]
Q: !!opencv-matrix
   rows: 4
   cols: 4
   dt: d
   data: [ 1., 0., 0., -1.0259089050292969e+03, 0., 1., 0.,
       -1.1256485214233398e+03, 0., 0., 0., 2.7732043381984618e+03, 0.,
       0., 1.8139798003679089e-01, 0. ]
roi1: !!opencv-matrix
   rows: 4
   cols: 1
   dt: d
   data: [ 212., 188., 2145., 1527. ]
roi2: !!opencv-matrix
   rows: 4
   cols: 1
   dt: d
   data: [ 164., 303., 1966., 1482. ]
