%YAML:1.0
---
K: !!opencv-matrix
   rows: 3
   cols: 3
   dt: d
   data: [ 3.7006639009296168e+03, 0., 1.2890772753426597e+03, 0.,
       3.7006378838151331e+03, 1.0372154100549267e+03, 0., 0., 1. ]
D: !!opencv-matrix
   rows: 1
   cols: 5
   dt: d
   data: [ -5.9066453670976204e-01, 8.9813216135929586e-01,
       2.3720896419742606e-03, -1.3476957421073728e-04,
       -3.2609467875469793e+00 ]
