%YAML:1.0
---
K1: !!opencv-matrix
   rows: 3
   cols: 3
   dt: d
   data: [ 3.6454663135245437e+03, 0., 1.3026835289868889e+03, 0.,
       3.6688950301699783e+03, 1.1354964504705654e+03, 0., 0., 1. ]
D1: !!opencv-matrix
   rows: 1
   cols: 5
   dt: d
   data: [ -4.9640706175909721e-01, 9.7408488504698659e-02,
       -1.3373461073513684e-02, -4.9624106049000801e-03,
       -9.1060418485890826e-01 ]
K2: !!opencv-matrix
   rows: 3
   cols: 3
   dt: d
   data: [ 3.6422781212606137e+03, 0., 1.2607056103376499e+03, 0.,
       3.6720723561685295e+03, 1.1582021438427857e+03, 0., 0., 1. ]
D2: !!opencv-matrix
   rows: 1
   cols: 5
   dt: d
   data: [ -6.1553439962936618e-01, 1.4893299374059887e+00,
       -1.1779149327293596e-02, -2.2605952177251243e-04,
       -6.2630583767259056e+00 ]
R: !!opencv-matrix
   rows: 3
   cols: 3
   dt: d
   data: [ 9.9870289995195816e-01, 3.4854298511575285e-03,
       5.0797336606378446e-02, -1.9337118240890104e-03,
       9.9953092836135204e-01, -3.0564423889142153e-02,
       -5.0880039171864191e-02, 3.0426551363019191e-02,
       9.9824117656307043e-01 ]
T: !!opencv-matrix
   rows: 3
   cols: 1
   dt: d
   data: [ -5.5102882191915583e+00, 1.7121180508395992e-02,
       -1.6352053030623054e-01 ]
E: !!opencv-matrix
   rows: 3
   cols: 3
   dt: d
   data: [ -1.1873279178702090e-03, 1.6396476594126144e-01,
       1.2093156571992976e-02, -4.4367210825924280e-01,
       1.6708912818866506e-01, 5.4922901877073880e+00,
       -6.4436631407469259e-03, -5.5077631739407904e+00,
       1.6754907451333348e-01 ]
F: !!opencv-matrix
   rows: 3
   cols: 3
   dt: d
   data: [ -7.3485044873784123e-10, 1.0083159115055163e-07,
       -8.6251819016303817e-05, -2.7236561974783563e-07,
       1.0191923497177643e-07, 1.2530346286135644e-02,
       3.0185527019818117e-04, -1.2581732676500937e-02, 1. ]
width: 2592
height: 1944
