camera_matrix:
- - 2805.478287017366
  - 0.0
  - 1498.8158294514376
- - 0.0
  - 2819.7295098519735
  - 2085.6931711414854
- - 0.0
  - 0.0
  - 1.0
dist_coeff:
- - 0.006939927959416927
  - 0.0487354034587287
  - -0.0015245681003717383
  - -0.0044030251086681176
  - -0.15652346975492107
